322593 42696
687466 31065
444488 38261
939693 61269
315766 53428
982352 59856
120778 95006
762185 59939
789752 70600
422945 31482
357588 70544
476775 53782
440728 90819
735513 27243
802512 93305
809182 52352
430895 77873
996018 58227
506502 68664
560953 92820
173251 68835
827355 90589
224396 65551
824966 23581
244852 53437
782636 23857
203318 65618
778597 51270
544194 89341
767739 20324
414449 49761
926408 26273
361626 30910
597886 56959
805611 85556
908451 60736
305506 27988
596982 46676
490441 69765
997881 37384
803811 89135
351108 70556
945537 43192
462580 30524
626569 35749
197858 50118
700127 63579
689907 64021
208872 32106
503356 80662
