133298 8757
878996 5605
660619 1089
267169 1587
677477 4268
955937 2438
411410 9763
342595 4044
599705 3812
718265 1896
151181 5192
233916 5761
169579 9833
408857 9266
926842 4486
961905 5279
624204 2583
369087 3845
242753 6081
544324 5360
439353 6470
641087 8741
369915 2580
352521 8775
585991 6682
910122 7158
243329 5375
141725 1062
948752 1692
887880 8191
334982 8071
801811 2248
981837 9229
246977 1154
505636 1515
990048 8052
644952 6244
601929 7211
872705 6361
932537 9877
782084 8282
715157 7658
952983 2996
476477 5929
661747 6981
705004 4622
506805 6082
197535 1002
784733 7139
907082 7415
