247848 946595
569134 467130
795600 636147
564225 497766
625821 188967
882388 830669
626152 995751
550822 721954
401314 524413
252330 520321
359944 934077
931042 395777
977630 223011
547020 528265
755416 784284
192204 865275
630438 461946
608194 605407
986925 424550
341875 954089
406976 851545
613516 232811
405208 892861
858108 888945
756542 454823
752813 204124
496443 764005
421630 285674
263037 688702
630695 240391
383013 824025
813451 689710
737399 647312
487982 717836
999912 684183
860272 222321
743017 415817
139552 678566
146586 692067
783544 781735
822009 825495
364503 126040
199329 445883
233528 269300
383747 895646
419615 118820
134633 956108
652503 584675
911361 457113
832360 942323
